0 0 0
0.0752053 0 0
0.167056 0 0
0.299296 0 0
0.407291 0 0
0.534947 0 0
0.635994 0 0
0.717911 0 0
0.855324 0 0
0.922115 0 0
1.00835 0 0
1.10987 0 0
1.23934 0 0
1.34128 0 0
1.42343 0 0
1.51886 0 0
1.64216 0 0
1.75385 0 0
1.84064 0 0
1.95134 0 0
2.03918 0 0
2.1541 0 0
2.21906 0 0
2.29976 0 0
2.39028 0 0
2.47934 0 0
2.57857 0 0
2.68247 0 0
2.77277 0 0
2.86537 0 0
2.94288 0 0
3.07762 0 0
3.19526 0 0
3.2652 0 0
3.37662 0 0
3.45802 0 0
3.53932 0 0
3.62403 0 0
3.72904 0 0
3.82528 0 0
3.89502 0 0
4.02147 0 0
4.16016 0 0
4.28521 0 0
4.40605 0 0
4.49211 0 0
4.60285 0 0
4.71675 0 0
4.82757 0 0
4.88819 0 0
