0.00293253 0.00164922 0.00802832
0.0965673 0.000743895 -0.00202929
0.199056 -0.000697606 -0.00865898
0.301118 -0.00118118 -0.000436115
0.401049 0.000747688 0.00181185
0.502647 -0.000492087 -0.00386451
0.59859 0.000929283 -0.000213776
0.701836 0.000106988 -0.00110373
0.800357 0.000690856 -0.000264475
0.899976 -0.000523688 0.00151678
1.00182 0.0020434 -0.000422847
1.09674 -0.000671514 -0.00287747
1.19922 -0.000836645 -0.0012722
1.30149 -0.000699631 0.000672678
1.40149 0.000629383 0.0046201
1.49938 0.002101 0.00183568
1.60239 -0.000387746 0.000274751
1.70037 -0.000734054 0.00159756
1.79992 0.0012372 -7.66952e-05
1.90269 0.00117695 0.00271016
2.0037 0.00161339 0.00148066
2.09842 -0.00152037 -0.00511216
2.19986 0.00169147 0.00167535
2.29775 -0.000494655 -0.000433095
2.40046 -0.000304944 -0.00296379
2.5014 -0.000734314 0.000550547
2.59613 0.000498975 -0.00115984
2.70113 -0.00132102 -0.00360455
2.79962 -0.000675126 -0.00116839
2.89782 -0.000450388 -0.00145031
3.0022 -0.000736365 0.000537976
3.09866 -0.000878004 -0.00429104
3.19799 -0.000124588 0.00239109
3.29888 0.000258467 -0.00045197
3.40185 0.00147573 0.000520665
3.49715 0.000429324 0.00168216
3.59989 -0.000950316 0.000571411
3.69724 -0.000450043 0.00109021
3.80071 0.000520809 -0.000804952
3.89995 -0.00171021 -0.00172041
3.99618 0.0001986 -0.00113747
4.09919 -0.00166823 0.000413227
4.20305 -4.12512e-05 -0.00279591
4.29721 -0.000167271 -0.000214494
4.40164 -9.08128e-05 -0.00421346
4.50446 0.000561779 -0.00438011
4.59713 -0.00219818 0.000779899
4.69716 -0.00205735 0.00162007
4.80294 0.000624697 -0.00307922
4.89784 -0.000804394 0.00529546
